ball
0.9747248291969299
0.9747248291969299
0.9747248291969299
0.9747248291969299
0.9747248291969299
0.9747248291969299
0.9747248291969299
0.9747248291969299
0.9747248291969299
computer
0.9543741941452026
0.9543741941452026
0.9543741941452026
0.9543741941452026
0.9543741941452026
0.9543741941452026
0.9543741941452026
0.9543741941452026
0.9543741941452026
beautiful
1.0000003576278687
1.0000003576278687
1.0000003576278687
1.0000003576278687
1.0000003576278687
1.0000003576278687
1.0000003576278687
1.0000003576278687
1.0000003576278687
funny
1.000000238418579
1.000000238418579
1.000000238418579
1.000000238418579
1.000000238418579
1.000000238418579
1.000000238418579
1.000000238418579
1.000000238418579
happy
0.9670615792274475
0.9670615792274475
0.9670615792274475
0.9670615792274475
0.9670615792274475
0.9670615792274475
0.9670615792274475
0.9670615792274475
0.9670615792274475
talk
0.8760332465171814
0.8760332465171814
0.8760332465171814
0.8760332465171814
0.8760332465171814
0.8760332465171814
0.8760332465171814
0.8760332465171814
0.8760332465171814
quickly
0.8533192873001099
0.8533192873001099
0.8533192873001099
0.8533192873001099
0.8533192873001099
0.8533192873001099
0.8533192873001099
0.8533192873001099
0.8533192873001099
