ball
0.9827194213867188
0.9426271319389343
0.7352795004844666
0.9157971143722534
0.9747248291969299
0.9473751783370972
1.0
0.982294499874115
0.980568528175354
computer
0.9704191088676453
1.0
0.956558108329773
0.8733018040657043
0.8472077250480652
1.0
0.95522141456604
0.9710448384284973
0.8553398847579956
beautiful
0.88386070728302
0.88386070728302
1.0000003576278687
0.8875044584274292
0.8568009734153748
funny
1.000000238418579
0.9004305601119995
1.000000238418579
1.000000238418579
0.8613936305046082
1.000000238418579
0.9850082397460938
1.000000238418579
0.9004305601119995
happy
0.8975051045417786
0.9593174457550049
1.0000001192092896
0.9512099027633667
1.0000001192092896
0.8780938386917114
0.8975051045417786
0.9676766395568848
0.8975051045417786
talk
0.9708148241043091
0.9999998211860657
0.8091608285903931
0.9999998211860657
0.9999998211860657
quickly
0.8654109239578247
0.8654109239578247
0.8654109239578247
0.8654109239578247
0.8107132911682129
0.8654109239578247
0.9999997019767761
0.8654109239578247
0.8657334446907043
