ball
0.9018874168395996
0.7941293716430664
0.9358344674110413
0.9868952631950378
0.9358344674110413
0.8220327496528625
0.9710277915000916
0.836683988571167
0.9697409868240356
computer
0.9649184346199036
0.8799612522125244
0.9584692716598511
0.9504488706588745
0.9593749642372131
0.9671926498413086
0.9616764187812805
0.9568468332290649
0.9652537703514099
beautiful
0.8882176876068115
0.8936542868614197
0.8338041305541992
0.8653891682624817
0.862765371799469
funny
0.9006697535514832
0.8727824091911316
0.8677768707275391
0.8673170208930969
0.8628203272819519
0.8338078260421753
0.8716272115707397
0.8359220623970032
0.8673170208930969
happy
0.9598904848098755
0.8434503674507141
0.8618083000183105
0.8297590613365173
0.8279618620872498
0.9710850715637207
0.8411626815795898
0.9529324173927307
0.9656984210014343
talk
0.8733206987380981
0.9335803389549255
0.9577836990356445
0.9560813903808594
0.9375591278076172
quickly
0.865898847579956
0.8790095448493958
0.8561887145042419
0.8337860107421875
0.8691421747207642
0.8589409589767456
0.818252682685852
0.8486971855163574
0.7360502481460571
