ball
0.9747248291969299
0.9476112127304077
0.9671338200569153
0.8472023010253906
0.7718539237976074
0.967500627040863
0.8317429423332214
0.9623550772666931
0.8716468811035156
computer
0.9667779207229614
0.954596757888794
0.9721704721450806
0.8718709945678711
0.7864392995834351
0.9420726299285889
0.8529824614524841
0.9642665386199951
0.889836847782135
beautiful
0.878385603427887
0.9008557200431824
0.8883661031723022
0.9045798182487488
0.8101270198822021
0.8730181455612183
0.892708420753479
0.8941011428833008
0.9174486398696899
funny
0.8694412112236023
0.88526451587677
0.8726497888565063
0.8950333595275879
0.8042765259742737
0.867927610874176
0.8827540278434753
0.8749725222587585
0.9075002074241638
happy
0.966387152671814
0.9673994779586792
0.9701087474822998
0.877909779548645
0.7931347489356995
0.9476113319396973
0.8638280630111694
0.9667555689811707
0.8991003632545471
talk
0.9496173858642578
0.9465529918670654
0.9533488154411316
0.8693860769271851
0.7764689922332764
0.9297071695327759
0.8651666641235352
0.9556500911712646
0.8918116092681885
quickly
0.8519176840782166
0.8696075677871704
0.8498000502586365
0.8441810011863708
0.7802508473396301
0.8500105738639832
0.8322672843933105
0.8581219911575317
0.8622965812683105
