ball
0.9756496548652649
0.9612659215927124
0.9564095139503479
0.9609869718551636
0.8319886922836304
0.9620465636253357
0.9773353934288025
0.9841346144676208
0.8051855564117432
computer
0.9623615145683289
0.9671961069107056
0.9640271663665771
0.9676156044006348
0.8454541563987732
0.9605894684791565
0.9720583558082581
0.9653781056404114
0.8308485150337219
beautiful
0.8823626637458801
0.8989577889442444
0.8900371789932251
0.8957615494728088
0.8769431114196777
0.8882176876068115
0.8812351822853088
0.8742080330848694
0.8644295930862427
funny
0.8673822283744812
0.8811233043670654
0.8793862462043762
0.8873500227928162
0.8704158067703247
0.8711779117584229
0.8707733750343323
0.86141437292099
0.8442439436912537
happy
0.9684455394744873
0.9687099456787109
0.9719054698944092
0.9645738005638123
0.8569248914718628
0.9598904848098755
0.9670811891555786
0.9624733328819275
0.8368308544158936
talk
0.947541356086731
0.9587644338607788
0.9570242166519165
0.9559684991836548
0.8480671644210815
0.952154278755188
0.9551578760147095
0.9447720646858215
0.82652348279953
quickly
0.8482515811920166
0.8689253926277161
0.857714831829071
0.8595020174980164
0.8411140441894531
0.8610327839851379
0.8496116399765015
0.8479408621788025
0.7989764213562012
