ball
0.9756496548652649
0.9756496548652649
0.9756496548652649
0.9756496548652649
0.9756496548652649
0.9756496548652649
0.9756496548652649
0.9756496548652649
0.9756496548652649
computer
0.9563271403312683
0.9563271403312683
0.9563271403312683
0.9563271403312683
0.9563271403312683
0.9563271403312683
0.9563271403312683
0.9563271403312683
0.9563271403312683
beautiful
0.8736942410469055
0.8736942410469055
0.8736942410469055
0.8736942410469055
0.8736942410469055
0.8736942410469055
0.8736942410469055
0.8736942410469055
0.8736942410469055
funny
0.8785350322723389
0.8785350322723389
0.8785350322723389
0.8785350322723389
0.8785350322723389
0.8785350322723389
0.8785350322723389
0.8785350322723389
0.8785350322723389
happy
1.0000001192092896
1.0000001192092896
1.0000001192092896
1.0000001192092896
1.0000001192092896
1.0000001192092896
1.0000001192092896
1.0000001192092896
1.0000001192092896
talk
0.8498425483703613
0.8498425483703613
0.8498425483703613
0.8498425483703613
0.8498425483703613
0.8498425483703613
0.8498425483703613
0.8498425483703613
0.8498425483703613
quickly
0.8578228950500488
0.8578228950500488
0.8578228950500488
0.8578228950500488
0.8578228950500488
0.8578228950500488
0.8578228950500488
0.8578228950500488
0.8578228950500488
